40
180
38 33
19 18
29 21
16 13
33 15
8 3
29 17
39 35
23 19
13 2
23 10
35 22
26 20
26 14
22 21
13 12
23 16
33 32
26 24
31 25
37 21
23 14
31 19
37 33
22 7
29 18
19 11
33 23
33 29
19 14
27 22
26 18
35 32
18 2
16 11
25 21
32 28
31 21
30 16
35 33
36 19
27 8
24 8
26 9
29 22
24 6
19 8
20 15
24 9
20 2
34 31
30 12
22 18
33 24
34 15
8 5
21 19
29 24
39 27
26 17
14 6
14 10
19 2
16 10
27 18
20 10
16 15
32 17
23 4
19 12
11 6
34 21
29 14
24 14
20 11
25 7
18 6
33 20
38 20
24 19
32 30
18 15
32 14
30 21
26 22
31 17
10 0
33 26
24 5
34 23
23 6
34 25
34 18
26 7
28 15
17 6
34 28
37 32
22 11
28 10
23 20
5 4
31 20
28 14
28 12
23 21
25 24
29 10
32 19
27 24
37 36
10 6
30 22
35 25
38 31
23 22
26 19
22 13
38 34
31 18
21 5
26 16
24 22
12 7
30 15
18 1
39 34
18 8
20 12
39 24
39 32
2 0
19 13
17 2
10 9
27 14
11 9
9 1
32 18
23 5
36 29
26 23
14 7
28 22
11 8
35 16
20 8
6 4
22 4
8 1
13 10
29 25
29 26
14 0
15 13
17 12
36 28
39 26
35 21
29 27
15 0
32 22
18 17
9 3
25 8
33 27
38 29
22 12
6 0
28 20
36 24
24 11
10 8
34 30
18 16
6 5
37 26
21 7
33 28
20 4
0 0
1 3
2 5
3 9
4 10
5 4
6 7
7 8
8 6
9 5
10 10
11 1
12 8
13 4
14 10
16 2
17 7
18 3
19 7
20 0
21 3
22 1
23 2
24 5
25 9
26 4
27 4
28 3
29 3
30 6
31 3
32 3
33 2
34 3
35 4
37 4
38 9
39 5
