40
180
16 25
2 34
36 24
30 36
19 3
1 25
38 30
38 35
16 21
36 15
2 18
24 4
27 21
8 26
13 33
20 16
27 24
1 34
23 39
31 2
3 1
28 10
31 34
6 16
24 2
32 27
21 25
0 17
7 9
12 21
2 32
6 38
25 15
1 9
15 33
12 27
34 8
6 34
3 13
11 28
24 12
24 14
6 25
39 14
35 20
4 6
13 11
13 7
27 15
16 11
16 37
7 11
6 14
14 18
35 34
15 20
7 0
2 14
34 10
37 29
4 12
22 17
20 9
1 37
29 18
2 36
38 9
35 7
8 11
35 24
19 6
7 14
17 5
12 9
22 38
2 10
8 4
8 6
22 11
3 29
28 14
30 19
4 34
3 24
1 11
6 27
24 19
4 1
4 35
6 17
19 22
23 10
2 27
0 31
10 3
24 8
3 34
29 12
14 36
8 39
15 13
0 20
16 1
35 31
26 15
14 10
26 16
6 35
33 37
32 35
18 15
39 34
14 15
16 15
4 33
25 8
32 7
23 27
32 29
22 8
14 29
27 39
35 0
19 20
3 31
21 28
0 14
9 0
30 0
28 22
30 11
39 13
9 25
30 37
25 13
34 29
32 26
26 12
26 20
19 36
21 10
37 10
1 36
29 1
18 39
27 9
4 21
22 39
18 13
6 11
39 32
32 22
22 4
27 17
26 19
34 27
37 2
31 24
20 36
14 11
24 10
5 32
11 5
15 34
20 4
10 15
18 7
0 39
4 15
18 17
16 3
36 22
36 8
36 12
24 32
20 12
35 17
0 37
5 30
30 16
0 0
1 1
2 2
3 2
4 2
5 2
6 1
7 1
8 1
9 2
10 2
11 1
12 1
13 1
14 2
15 1
16 1
17 2
18 1
19 2
20 2
21 1
22 1
23 1
24 2
25 1
26 1
27 1
28 2
29 1
30 1
31 1
32 1
33 2
34 2
35 1
36 1
37 1
38 1
39 1
