40
80
16 33
22 4
7 24
13 27
30 18
37 12
29 20
36 33
19 13
27 23
28 31
32 10
17 29
17 36
12 24
30 37
17 21
6 23
28 37
10 26
18 0
15 22
1 35
4 29
26 33
28 19
3 6
3 38
14 34
35 32
23 14
33 30
6 22
35 24
17 14
25 32
5 35
36 9
32 31
3 21
11 15
36 28
5 0
27 19
3 31
20 27
25 20
5 21
12 38
22 17
2 27
27 3
18 39
33 38
14 30
35 20
39 30
8 2
22 28
38 4
32 23
13 34
13 36
20 15
31 8
27 10
16 20
9 31
11 4
19 10
3 36
21 34
33 28
20 31
35 11
38 9
6 19
12 23
16 28
12 34
0 0
1 8
2 0
3 4
4 0
5 10
6 0
7 1
8 1
9 6
10 8
11 4
12 3
13 6
14 2
15 10
16 7
17 9
18 2
19 4
20 7
21 4
22 6
23 4
24 8
25 8
26 8
27 0
28 4
29 9
30 8
31 8
32 8
33 3
34 3
35 1
36 9
37 7
38 6
39 9
